
Specific boundaries for class 2(countS=1) : 0, 1, 1, 0, -1, -1, -1, 0, 1, 1, 0, 0, 2, 1, -1, -1, Specific boundaries for class 3(countS=0) :

Specific boundaries for class 4(countS=1) : 0, 0, 1, 0, 0, 1, -1, 1, 1, 0, -1, 1, 0, 1, -1, -1,

Specific boundaries for class 5(countS=1) : 0, 0, 1, 0, 0, 1, -1, 1, 1, 1, -1, 0, 4, -1, 0, 0,

Specific boundaries for class 6(countS=1) : -1, 0, 1, 0, -1, 0, -1, 0, 0, 1, -1, 0, 6, 0, -1, 0,

Specific boundaries for class 7(countS=0) :

Generic boundaries for class 1(countG=1) : -1, -1, -1, 1, -1, -1, -1, -1, -1, -1, -1, -1, -1, -1, -1, -1,

Generic boundaries for class 2(countG=7) : -1, 1, -1, -1, -1, -1, -1, -1, -1, -1, -1, -1, -1, -1, -1, -1, 0, -1, -1, -1, -1, -1, -1, -1, -1, -1, -1, -1, 2, -1, -1, -1, -1, -1, 1, -1, -1, -1, -1, -1, -1, -1, -1, -1, 2, -1, -1, -1, -1, -1, -1, 0, -1, -1, -1, -1, -1, -1, -1, -1, 2, -1, -1, -1, -1, -1, -1, -1, -1, -1, -1, 0, -1, -1, -1, -1, 2, -1, -1, -1, -1, -1, -1, 0, -1, -1, -1, 0, -1, -1, -1, 0, -1, 1, -1, -1, -1, -1, -1, 0, -1, -1, -1, -1, -1, -1, 0, 0, -1, 1, -1, -1,

Generic boundaries for class 3(countG=8) : 0, 0, -1, -1, -1, -1, 1, -1, 1, 1, -1, 0, -1, -1, -1, -1, 0, 0, -1, -1, -1, -1, 1, -1, -1, 1, 1, 0, -1, -1, -1, -1, 0, 0, -1, -1, -1, -1, 1, -1, -1, 1, -1, 0, 4, -1, -1, -1, -1, 0, -1, 0, -1, -1, -1, -1, 1, -1, -1, 0, -1, -1, -1, 1, -1, 0, -1, 0, -1, -1, -1, -1, -1, -1, -1, 0, -1, 1, -1, 1, -1, -1, 1, -1, -1, 1, -1, -1, -1, -1, -1, 0, -1, 1, -1, 1, -1, -1, -1, 0, -1, 1, -1, -1, 1, -1, -1, 0, -1, -1, -1, 1, -1, -1, -1, 0, -1, 1, -1, -1, -1, -1, -1, 0, -1, 1, -1, 1,

Generic boundaries for class 4(countG=14) : -1, -1, 1, -1, -1, -1, -1, -1, -1, -1, -1, 1, -1, -1, -1, -1, -1, -1, -1, 0, -1, -1, -1, -1, -1, -1, -1, 1, -1, -1, -1, -1, -1, -1, -1, -1, -1, -1, -1, -1, -1, 0, -1, 1, -1, -1, -1, -1, -1, -1, 1, -1, -1, 1, -1, 1, -1, -1, -1, -1, 0, -1, -1, -1, -1, -1, 1, -1, -1, 1, -1, -1, 1, -1, -1, -1, 0, -1, -1, -1, -1, -1, 1, 0, 0, 1, -1, 1, -1, -1, -1, -1, -1, 1, -1, -1, 0, 0, 1, -1, -1, 1, -1, -1, -1, -1, -1, -1, -1, 1, -1, -1, -1, 0, 1, -1, -1, 1, -1, 1, -1, -1, -1, -1, -1, 1, -1, -1, -1, 0, 1, 0, -1, 1, -1, -1, -1, -1, -1, -1, -1, 1, -1, -1, -1, -1, 1, -1, -1, 1, -1, -1, -1, -1, -1, -1, 0, 1, -1, -1, -1, -1, -1, -1, -1, -1, -1, 1, -1, 0, -1, -1, -1, -1, -1, -1, -1, -1, -1, -1, -1, -1, -1, -1, 1, 0, -1, -1, -1, -1, -1, -1, -1, -1, -1, -1, -1, -1, -1, -1, -1, 0, -1, -1, -1, 1, -1, -1, -1, 0, -1, 0, -1, -1, -1, -1, -1, -1, -1, -1, 0, 1, -1, -1,

Generic boundaries for class 5(countG=32) : 0, -1, -1, -1, -1, 1, -1, 1, -1, 1, -1, 0, -1, -1, -1, -1, -1, -1, 1, -1, -1, 1, -1, 1, -1, 1, -1, -1, -1, -1, -1, -1, -1, -1, 1, -1, -1, 1, -1, 1, -1, -1, -1, 0, -1, -1, -1, -1, -1, -1, -1, 0, -1, 1, -1, 1, -1, 1, -1, -1, -1, -1, -1, -1, 0, 0, 1, -1, -1, 1, -1, -1, 1, -1, -1, 0, -1, -1, -1, -1, -1, 0, 1, 0, -1, 1, -1, -1, 1, -1, -1, 0, -1, -1, -1, -1, 0, -1, -1, -1, -1, 1, -1, 1, -1, -1, -1, -1, 4, -1, -1, -1, -1, 0, 1, -1, -1, 1, -1, -1, 1, -1, -1, 0, -1, -1, -1, 0, -1, -1, 1, -1, -1, 1, -1, 1, -1, -1, -1, -1, 4, -1, -1, -1, 0, 0, 1, -1, -1, 1, -1, -1, -1, 1, -1, -1, -1, -1, -1, -1, 0, -1, -1, -1, -1, 1, -1, -1, 1, -1, -1, -1, 4, -1, -1, -1, -1, -1, -1, 0, -1, 1, -1, 1, -1, -1, -1, -1, 4, -1, -1, -1, -1, -1, 1, -1, 0, 1, -1, -1, 1, -1, -1, 0, -1, -1, -1, 0, -1, -1, -1, -1, -1, 1, -1, 1, -1, -1, -1, -1, 4, -1, -1, 0, -1, -1, -1, -1, -1, 1, -1, -1, 1, -1, -1, -1, 4, -1, -1, 0, 0, -1, -1, -1, -1, 1, -1, -1, -1, 1, -1, -1, 4, -1, -1, -1, -1, -1, -1, -1, -1, 1, -1, -1, -1, 1, -1, -1, 4, -1, -1, 0, -1, -1, -1, 0, -1, 1, -1, -1, 1, -1, -1, -1, 4, -1, -1, -1, -1, -1, -1, 0, -1, 1, -1, -1, -1, 1, -1, -1, 4, -1, -1, -1, 0, 0, -1, -1, -1, 1, -1, -1, -1, 1, -1, 0, -1, -1, -1, -1, -1, 0, -1, 0, -1, 1, -1, -1, -1, 1, -1, -1, -1, -1, -1, -1, -1, 0, -1, -1, -1, 1, -1, -1, -1, 1, -1, -1, -1, -1, -1, 0, -1, -1, -1, -1, 0, 1, -1, -1, -1, 1, -1, -1, -1, -1, -1, 0, -1, -1, -1, -1, -1, 1, -1, 1, -1, 1, -1, -1, -1, -1, -1, 0, -1, -1, -1, -1, -1, 1, 0, -1, -1, -1, -1, -1, 6, -1, -1, -1, -1, -1, -1, -1, -1, -1, 0, -1, -1, 0, -1, -1, 6, -1, -1, -1, -1, -1, -1, -1, -1, 1, -1, -1, -1, 1, -1, -1, 6, -1, -1, -1, -1, -1, -1, -1, -1, -1, 1, -1, -1, 1, -1, -1, 6, -1, -1, -1, 0, 0, -1, -1, -1, -1, 0, -1, -1, 1, -1, -1, -1, 1, -1, -1, 0, 0, -1, -1, -1, -1, -1, -1, 1, 1, -1, -1, -1, -1, -1, 0, 0, -1, -1, -1, 0, -1, 0, -1, 1, 1, -1, -1, -1, -1, -1, -1, 0, -1, -1, -1, 0, -1, 0, -1, -1, 1, -1, -1, -1, 1, -1, -1,

Generic boundaries for class 6(countG=3) : -1, -1, -1, -1, -1, 0, -1, -1, -1, -1, -1, -1, 6, -1, -1, -1, -1, -1, -1, -1, -1, -1, -1, -1, -1, 1, -1, -1, 6, -1, -1, -1, -1, -1, -1, 0, -1, 0, -1, -1, -1, -1, -1, 0, -1, 0, 0, -1,

Generic boundaries for class 7(countG=0) :
